255 255 255 255 255 145 145 145 145 145 145 255 255 255 255 255
255 255 255 145 145 145 145 211 181 145 145 145 145 255 255 255
255 255 145 145 226 226 226 226 226 226 226 145 145 145 255 255
255 145 145 226 226 196 196 196 196 196 222 226 226 145 145 255
255 145 226 226 196 196 196 196 196 196 196 196 226 145 145 255
145 145 226 196 196 200 235 235 235 235 196 196 226 226 145 145
145 146 226 196 196 235 235 235 235 235 235 196 196 226 145 145
145 226 226 196 213 235 235 235 235 235 235 196 196 226 145 145
145 226 226 196 213 235 235 235 235 235 235 196 196 226 145 145
145 146 226 196 196 235 235 235 235 235 235 196 196 226 145 145
145 145 226 196 196 200 235 235 235 235 196 196 226 226 145 145
255 145 226 226 196 196 196 196 196 196 196 196 226 145 145 255
255 145 145 226 226 196 196 196 196 196 222 226 226 145 145 255
255 255 145 145 226 226 226 226 226 226 226 145 145 145 255 255
255 255 255 145 145 145 145 211 181 145 145 145 145 255 255 255
255 255 255 255 255 145 145 145 145 145 145 255 255 255 255 255
255 255 255 255 255 145 145 145 145 145 145 255 255 255 255 255
255 255 255 145 145 145 145 211 181 145 145 145 145 255 255 255
255 255 145 145 226 226 226 226 226 226 226 145 145 145 255 255
255 145 145 226 226 102 102 102 102 102 209 226 226 145 145 255
255 145 226 226 102 102 102 102 102 102 102 102 226 145 145 255
145 145 226 102 102  94  23  23  23  23 102 102 226 226 145 145
145 146 226 102 102  23  23  23  23  23  23 102 102 226 145 145
145 226 226 102  67  23  23  23  23  23  23 102 102 226 145 145
145 226 226 102  67  23  23  23  23  23  23 102 102 226 145 145
145 146 226 102 102  23  23  23  23  23  23 102 102 226 145 145
145 145 226 102 102  94  23  23  23  23 102 102 226 226 145 145
255 145 226 226 102 102 102 102 102 102 102 102 226 145 145 255
255 145 145 226 226 102 102 102 102 102 207 226 226 145 145 255
255 255 145 145 226 226 226 226 226 226 226 145 145 145 255 255
255 255 255 145 145 145 145 211 181 145 145 145 145 255 255 255
255 255 255 255 255 145 145 145 145 145 145 255 255 255 255 255
255 255 255 255 255 145 145 145 145 145 145 255 255 255 255 255
255 255 255 145 145 145 145 211 181 145 145 145 145 255 255 255
255 255 145 145 226 226 226 226 226 226 226 145 145 145 255 255
255 145 145 226 226 255 255 255 255 255 230 226 226 145 145 255
255 145 226 226 255 255 255 255 255 255 255 255 226 145 145 255
145 145 226 255 255 239  94  94  94  94 255 255 226 226 145 145
145 146 226 255 255  94  94  94  94  94  94 255 255 226 145 145
145 226 226 255 185  94  94  94  94  94  94 255 255 226 145 145
145 226 226 255 185  94  94  94  94  94  94 255 255 226 145 145
145 146 226 255 255  94  94  94  94  94  94 255 255 226 145 145
145 145 226 255 255 239  94  94  94  94 255 255 226 226 145 145
255 145 226 226 255 255 255 255 255 255 255 255 226 145 145 255
255 145 145 226 226 255 255 255 255 255 230 226 226 145 145 255
255 255 145 145 226 226 226 226 226 226 226 145 145 145 255 255
255 255 255 145 145 145 145 211 181 145 145 145 145 255 255 255
255 255 255 255 255 145 145 145 145 145 145 255 255 255 255 255

255 255 255 255 255 145 145 145 145 145 145 255 255 255 255 255
255 255 255 145 145 145 145 145 145 145 145 145 145 255 255 255
255 255 145 145 145 226 226 226 226 226 226 145 145 145 255 255
255 145 145 226 226 226 196 196 196 196 226 226 226 145 145 255
255 145 145 226 196 196 196 196 196 196 196 196 226 145 145 255
145 145 226 222 196 196 235 235 235 235 196 196 222 226 145 145
145 145 226 196 196 235 235 235 235 235 235 196 196 226 145 145
145 181 226 196 196 235 235 235 235 235 235 196 196 226 181 145
145 211 226 196 196 235 235 235 235 235 235 196 196 226 211 145
145 145 226 196 196 235 235 235 235 235 235 196 196 226 145 145
145 145 226 196 196 200 235 235 235 235 200 196 196 226 145 145
255 145 226 226 196 196 196 213 213 196 196 196 226 226 145 255
255 145 145 226 226 196 196 196 196 196 196 226 226 145 145 255
255 255 145 145 226 226 226 226 226 226 226 226 145 145 255 255
255 255 255 145 145 145 146 226 226 146 145 145 145 255 255 255
255 255 255 255 255 145 145 145 145 145 145 255 255 255 255 255
255 255 255 255 255 145 145 145 145 145 145 255 255 255 255 255
255 255 255 145 145 145 145 145 145 145 145 145 145 255 255 255
255 255 145 145 145 226 226 226 226 226 226 145 145 145 255 255
255 145 145 226 226 226 102 102 102 102 226 226 226 145 145 255
255 145 145 226 102 102 102 102 102 102 102 102 226 145 145 255
145 145 226 209 102 102  23  23  23  23 102 102 207 226 145 145
145 145 226 102 102  23  23  23  23  23  23 102 102 226 145 145
145 181 226 102 102  23  23  23  23  23  23 102 102 226 181 145
145 211 226 102 102  23  23  23  23  23  23 102 102 226 211 145
145 145 226 102 102  23  23  23  23  23  23 102 102 226 145 145
145 145 226 102 102  94  23  23  23  23  94 102 102 226 145 145
255 145 226 226 102 102 102  67  67 102 102 102 226 226 145 255
255 145 145 226 226 102 102 102 102 102 102 226 226 145 145 255
255 255 145 145 226 226 226 226 226 226 226 226 145 145 255 255
255 255 255 145 145 145 146 226 226 146 145 145 145 255 255 255
255 255 255 255 255 145 145 145 145 145 145 255 255 255 255 255
255 255 255 255 255 145 145 145 145 145 145 255 255 255 255 255
255 255 255 145 145 145 145 145 145 145 145 145 145 255 255 255
255 255 145 145 145 226 226 226 226 226 226 145 145 145 255 255
255 145 145 226 226 226 255 255 255 255 226 226 226 145 145 255
255 145 145 226 255 255 255 255 255 255 255 255 226 145 145 255
145 145 226 230 255 255  94  94  94  94 255 255 230 226 145 145
145 145 226 255 255  94  94  94  94  94  94 255 255 226 145 145
145 181 226 255 255  94  94  94  94  94  94 255 255 226 181 145
145 211 226 255 255  94  94  94  94  94  94 255 255 226 211 145
145 145 226 255 255  94  94  94  94  94  94 255 255 226 145 145
145 145 226 255 255 239  94  94  94  94 239 255 255 226 145 145
255 145 226 226 255 255 255 185 185 255 255 255 226 226 145 255
255 145 145 226 226 255 255 255 255 255 255 226 226 145 145 255
255 255 145 145 226 226 226 226 226 226 226 226 145 145 255 255
255 255 255 145 145 145 146 226 226 146 145 145 145 255 255 255
255 255 255 255 255 145 145 145 145 145 145 255 255 255 255 255

255 254 253 243 210 171 152 148 148 153 173 212 244 253 254 255
254 252 228 175 150 161 178 190 191 181 164 152 178 232 253 255
253 228 166 156 187 215 219 217 216 219 219 194 161 168 232 254
243 175 156 195 219 209 200 197 197 198 207 218 204 161 177 247
210 149 185 219 205 198 205 211 211 206 199 203 218 197 151 214
171 158 213 210 198 210 227 234 234 230 213 199 206 221 166 172
152 172 220 201 204 226 235 235 235 235 230 206 197 220 187 151
147 182 219 198 209 234 235 235 235 235 234 211 197 216 199 146
148 182 219 198 209 234 235 235 235 235 234 211 197 216 199 146
152 172 221 202 203 225 235 235 235 235 230 206 198 220 186 152
172 157 212 211 198 209 226 234 234 229 212 198 206 221 165 174
213 149 182 220 206 197 203 209 209 204 198 204 219 195 150 217
245 177 154 193 220 210 200 197 196 198 208 219 202 158 179 249
253 232 167 154 184 216 221 218 218 220 219 191 158 169 236 254
254 253 232 177 148 157 175 187 188 178 160 149 179 236 253 255
255 255 254 247 214 172 151 145 145 151 174 216 249 254 255 255
255 254 253 243 210 171 152 148 148 153 173 212 244 253 254 255
254 252 228 175 150 161 178 188 189 181 164 152 178 232 253 255
253 228 166 156 186 208 202 191 190 200 210 192 161 168 232 254
243 175 156 194 203 159 118 100  99 112 151 196 201 161 177 247
210 149 184 204 143  97  82  70  69  78  94 130 197 195 151 214
171 158 207 165  98  72  36  23  23  31  63  94 147 213 166 172
152 172 206 126  84  38  23  23  23  23  29  79 107 200 186 151
147 181 198 106  73  23  23  23  23  23  23  68  98 187 198 146
148 181 198 106  73  24  23  23  23  23  23  69  98 188 198 146
152 171 207 127  85  40  23  23  23  23  30  80 108 201 185 152
172 157 207 168  99  74  38  23  23  32  66  95 150 214 164 174
213 149 181 206 146  98  85  74  73  82  96 133 200 193 150 217
245 177 154 192 206 164 119 101 100 113 155 201 200 158 179 249
253 232 167 154 184 211 208 198 197 207 214 190 158 169 236 254
254 253 232 177 148 157 175 187 188 178 160 149 179 236 253 255
255 255 254 247 214 172 151 145 145 151 174 216 249 254 255 255
255 254 253 243 210 171 152 148 148 153 173 212 244 253 254 255
254 252 228 175 150 161 179 190 192 182 164 152 178 232 253 255
253 228 166 156 188 220 231 233 234 231 224 195 161 168 232 254
243 175 156 197 229 240 248 249 248 249 242 231 205 161 177 247
210 149 185 229 244 244 214 190 188 207 240 245 231 198 151 214
171 158 217 239 245 194 122  94  94 111 176 240 243 226 166 172
152 173 229 247 218 127  94  94  94  94 108 209 250 231 187 151
147 182 232 250 197  96  94  94  94  94  94 187 247 234 200 146
148 182 232 250 197  96  94  94  94  94  94 188 247 234 200 146
152 172 229 247 220 130  94  94  94  94 110 210 250 231 186 152
172 157 216 239 246 199 125  94  94 113 182 241 242 225 165 174
213 149 182 228 243 246 221 199 197 215 242 245 231 195 150 217
245 177 154 194 228 239 248 250 249 249 241 230 204 159 179 249
253 232 167 154 185 219 229 232 232 230 223 192 158 169 236 254
254 253 232 177 148 157 175 188 189 178 160 149 179 236 253 255
255 255 254 247 214 172 151 145 145 151 174 216 249 254 255 255

255 255 254 246 214 173 153 148 148 153 173 214 246 254 255 255
255 253 233 178 152 168 188 200 200 188 168 152 178 233 253 255
254 233 169 161 197 221 219 216 216 219 221 197 161 169 233 254
246 178 161 204 218 206 198 198 198 198 206 218 204 161 178 246
213 151 194 219 203 199 207 212 212 207 199 203 219 194 151 213
173 163 219 208 199 214 230 235 235 230 214 199 208 219 163 173
152 181 220 199 206 230 235 235 235 235 230 206 199 220 181 152
147 190 218 197 210 235 235 235 235 235 235 210 197 218 190 147
147 189 218 197 210 235 235 235 235 235 235 210 197 218 189 147
152 177 221 201 204 227 235 235 235 235 227 204 201 221 177 152
173 159 216 211 198 209 226 234 234 226 209 198 211 216 159 173
214 149 185 220 207 198 203 209 209 203 198 207 220 185 149 214
246 177 155 194 220 211 202 198 198 202 211 220 194 155 177 246
254 233 168 155 183 213 222 220 220 222 213 182 155 168 233 254
255 253 233 177 149 156 171 181 181 171 156 149 177 233 253 255
255 255 254 246 214 173 152 147 147 152 173 214 246 254 255 255
255 255 254 246 214 173 153 148 148 153 173 214 246 254 255 255
255 253 233 178 152 168 187 198 198 187 168 152 178 233 253 255
254 233 169 161 195 212 198 185 185 198 212 195 161 169 233 254
246 178 161 201 196 147 107  98  98 107 147 196 201 161 178 246
213 151 193 198 131  95  78  67  67  78  95 131 198 193 151 213
173 163 212 152  95  63  30  23  23  30  63  95 152 212 163 173
152 180 203 112  80  32  23  23  23  23  32  80 112 203 180 152
147 189 194 100  71  23  23  23  23  23  23  71 100 194 189 147
147 188 195 101  73  23  23  23  23  23  23  73 101 195 188 147
152 176 206 120  84  38  23  23  23  23  38  84 120 206 176 152
173 159 210 163  99  75  41  24  24  41  75  99 163 210 159 173
214 149 184 206 147 100  86  76  76  86 100 147 206 184 149 214
246 177 155 192 207 169 128 107 107 128 169 207 192 155 177 246
254 233 168 155 182 209 210 202 202 210 209 181 155 168 233 254
255 253 233 177 149 156 171 180 180 171 156 149 177 233 253 255
255 255 254 246 214 173 152 147 147 152 173 214 246 254 255 255
255 255 254 246 214 173 153 148 148 153 173 214 246 254 255 255
255 253 233 178 152 168 188 201 201 188 168 152 178 233 253 255
254 233 169 161 198 226 232 235 235 232 226 198 161 169 233 254
246 178 161 206 232 243 250 247 247 250 243 232 206 161 178 246
213 151 195 232 246 239 206 184 184 206 239 246 232 195 151 213
173 164 224 242 241 177 109  94  94 109 177 241 242 224 164 173
152 181 231 249 211 112  94  94  94  94 112 211 249 231 181 152
147 191 233 249 193  94  94  94  94  94  94 193 249 233 191 147
147 189 233 250 195  95  94  94  94  94  95 195 250 233 189 147
152 177 230 249 219 126  94  94  94  94 126 219 249 230 177 152
173 159 219 240 246 200 130  97  97 131 200 246 240 219 159 173
214 149 185 229 243 247 223 202 202 223 247 243 229 185 149 214
246 177 155 195 229 239 248 251 251 248 239 229 195 155 177 246
254 233 168 155 183 216 229 231 231 229 216 182 155 168 233 254
255 253 233 177 149 156 171 181 181 171 156 149 177 233 253 255
255 255 254 246 214 173 152 147 147 152 173 214 246 254 255 255
